(8, 2)
(0, 12)
(360, 1)
(342, 2)
(108, 1)
(128, 3)
(92, 3)
(76, 1)
(300, 1)
(464, 1)
(28, 2)
(332, 1)
(140, 1)
(80, 2)
(232, 1)
(252, 1)
(312, 2)
(178, 3)
(802, 1)
(522, 1)
(70, 1)
(830, 1)
(198, 2)
(724, 1)
(502, 1)
(10, 1)
(500, 1)
(644, 1)
(142, 2)
(50, 3)
(704, 1)
(182, 1)
(72, 1)
(468, 1)
(56, 1)
(116, 1)
(138, 1)
(122, 1)
(210, 1)
(64, 1)
(276, 1)
(46, 1)
(218, 2)
(598, 1)
(314, 1)
(48, 1)
(208, 1)
(260, 1)
(196, 1)
(26, 3)
(14, 1)
(170, 2)
(498, 1)
(126, 1)
(642, 1)
(250, 2)
(160, 2)
(18, 1)
(168, 1)
(62, 1)
(36, 2)
(298, 1)
(66, 3)
(52, 1)
(144, 1)
(90, 1)
(188, 2)
(124, 1)
(78, 1)
(98, 2)
(44, 1)
(54, 1)
(184, 1)
(326, 1)
(118, 1)
(134, 1)
(88, 1)
(156, 1)
