(167, 1)
(485, 1)
(173, 1)
(125, 2)
(149, 2)
(153, 1)
(517, 1)
(63, 3)
(1181, 1)
(43, 2)
(169, 2)
(283, 3)
(121, 1)
(279, 1)
(225, 1)
(115, 2)
(45, 4)
(67, 1)
(179, 1)
(77, 1)
(155, 1)
(245, 1)
(157, 2)
(9, 2)
(593, 1)
(35, 1)
(471, 1)
(75, 1)
(259, 2)
(131, 2)
(337, 1)
(133, 1)
(111, 1)
(99, 2)
(101, 1)
(531, 1)
(381, 1)
(123, 2)
(143, 2)
(473, 1)
(119, 2)
(39, 1)
(135, 1)
(15, 1)
(21, 1)
(211, 1)
(293, 1)
(175, 1)
(91, 1)
(353, 1)
(71, 1)
(285, 1)
(127, 1)
(41, 1)
(301, 1)
(47, 1)
(327, 1)
(137, 1)
(57, 1)
(223, 1)
(207, 1)
(51, 1)
(65, 1)
(363, 1)
(231, 1)
(145, 1)
(181, 1)
(347, 1)
